0.0 22.5 28.5 24.5 16.5 10.5
22.5 0.0 16.5 13.5 29.5 35.5
28.5 16.5 0.0 22.5 34.5 27.5
24.5 13.5 22.5 0.0 35.5 41.5
16.5 29.5 34.5 35.5 0.0 5.5
10.5 35.5 27.5 41.5 5.5 0.0